59 0.347724 0.126224 0.026774 0.012989
59 0.327644 0.165945 0.018072 0.011483
59 0.393909 0.234375 0.012718 0.014684
59 0.402443 0.267319 0.024431 0.01506
59 0.515395 0.328784 0.028782 0.017508
20 0.507028 0.391943 0.100402 0.051958
20 0.549364 0.386672 0.033133 0.045557
59 0.474732 0.441171 0.011044 0.020143
59 0.607932 0.589044 0.045181 0.010542
59 0.542503 0.643543 0.070281 0.022402
59 0.872657 0.715926 0.040495 0.03012
59 0.270415 0.438253 0.022088 0.016566
59 0.24498 0.388742 0.029451 0.011672
58 0.45917 0.553276 0.042169 0.013178
58 0.491131 0.48974 0.043842 0.013366
20 0.582831 0.682982 0.138889 0.080196
59 0.706325 0.743317 0.093373 0.027673
32 0.957831 0.897684 0.07095 0.019014
58 0.618139 0.639401 0.026104 0.025414
59 0.694444 0.98381 0.063588 0.032003
58 0.685743 0.913498 0.035475 0.024285
58 0.542671 0.600715 0.035141 0.01506
58 0.284137 0.107775 0.024096 0.003577
58 0.639726 0.98974 0.051874 0.018637
