29 0.743322 0.237903 0.019405 0.024194
59 0.097278 0.147681 0.022177 0.050739
59 0.029738 0.50336 0.009073 0.136425
59 0.231351 0.904402 0.02873 0.050067
29 0.737021 0.935988 0.022429 0.062164
29 0.62878 0.694388 0.006048 0.011761
29 0.463962 0.71287 0.006048 0.011761
29 0.428553 0.632728 0.020917 0.02957
29 0.346018 0.637097 0.006552 0.009409
29 0.269657 0.932628 0.008569 0.013105
29 0.134451 0.813508 0.023942 0.051747
29 0.726689 0.296539 0.011845 0.009745
58 0.404234 0.552755 0.061996 0.066532
59 0.102193 0.553091 0.015877 0.046371
59 0.182082 0.83955 0.038558 0.032594
59 0.234501 0.957493 0.025958 0.020497
29 0.697707 0.576781 0.007812 0.009745
