33 0.500548 0.0455 0.066886 0.0125
12 0.504112 0.46725 0.110197 0.0235
59 0.541667 0.49275 0.008772 0.011
59 0.660088 0.477 0.024123 0.009
59 0.265351 0.57325 0.013158 0.013
59 0.374178 0.61825 0.030154 0.0105
59 0.377467 0.622125 0.020285 0.00725
59 0.205318 0.7255 0.050987 0.008
59 0.22341 0.712875 0.021382 0.01475
59 0.12034 0.79225 0.022478 0.019
59 0.358827 0.950625 0.044408 0.01575
59 0.691612 0.93725 0.03125 0.015
59 0.253289 0.572 0.012061 0.0095
59 0.574836 0.463375 0.015899 0.00975
59 0.628838 0.39525 0.010965 0.006
58 0.639254 0.078625 0.014254 0.00325
58 0.944901 0.95775 0.041118 0.036
58 0.528783 0.798375 0.034539 0.02825
58 0.081414 0.731375 0.042215 0.02475
58 0.236294 0.7465 0.063596 0.0175
39 0.022752 0.767125 0.024671 0.01125
