20 0.507149 0.524663 0.073121 0.091605
58 0.416667 0.569087 0.05719 0.043199
59 0.406863 0.540135 0.011438 0.016544
59 0.41585 0.52114 0.01634 0.01777
59 0.436275 0.518382 0.02451 0.011029
59 0.436275 0.492034 0.006536 0.017157
59 0.45915 0.508578 0.013072 0.009804
59 0.456291 0.471507 0.015523 0.01777
59 0.465686 0.49663 0.009804 0.010417
59 0.464461 0.495404 0.015523 0.007966
59 0.46201 0.489277 0.022059 0.007966
59 0.44567 0.490809 0.005719 0.023284
59 0.408497 0.553615 0.014706 0.007966
59 0.415441 0.556679 0.015523 0.009191
59 0.438725 0.554228 0.011438 0.004289
59 0.17402 0.605699 0.006536 0.007966
59 0.572304 0.066789 0.005719 0.011029
