9 0.60192 0.227022 0.042075 0.051471
9 0.428513 0.217218 0.01634 0.010417
9 0.640114 0.155944 0.013072 0.011642
9 0.324346 0.329657 0.010621 0.016544
9 0.37643 0.321691 0.010212 0.010417
9 0.479779 0.34712 0.01348 0.014093
9 0.514502 0.377604 0.016748 0.037684
9 0.488154 0.369179 0.008987 0.006127
9 0.484681 0.25383 0.019199 0.007047
9 0.565564 0.326287 0.014297 0.007353
9 0.566993 0.344363 0.009804 0.007353
9 0.428105 0.482537 0.020425 0.01348
9 0.426062 0.4303 0.011438 0.013174
9 0.467525 0.491728 0.025735 0.018382
9 0.451593 0.738817 0.090278 0.100184
9 0.63174 0.706648 0.102533 0.088542
9 0.420752 0.780637 0.028595 0.019608
9 0.443423 0.783548 0.029003 0.01685
9 0.518791 0.626532 0.014706 0.008578
9 0.582108 0.626379 0.014706 0.013787
9 0.329453 0.58992 0.010212 0.011949
9 0.550654 0.93413 0.022876 0.026348
9 0.582312 0.434283 0.00531 0.011336
9 0.393791 0.075674 0.009804 0.01348
9 0.504902 0.362439 0.010621 0.012255
58 0.10723 0.321385 0.027369 0.01777
59 0.625408 0.567862 0.010621 0.018689
9 0.131127 0.20098 0.01634 0.017157
