38 0.29902 0.091299 0.457516 0.181373
38 0.241626 0.155331 0.301879 0.183211
38 0.418301 0.387714 0.691993 0.445772
38 0.11826 0.256893 0.23652 0.19087
40 0.120915 0.687194 0.24183 0.412377
36 0.762868 0.32598 0.051879 0.027574
42 0.713644 0.564645 0.093137 0.066789
40 0.774918 0.513174 0.215686 0.109681
14 0.20915 0.602635 0.414216 0.319853
14 0.936479 0.59421 0.092729 0.082414
16 0.868668 0.479013 0.086193 0.056679
14 0.939951 0.378676 0.072712 0.036152
16 0.451185 0.602635 0.098448 0.050245
14 0.447508 0.654105 0.133578 0.056985
16 0.370711 0.626685 0.04616 0.036458
50 0.756332 0.273744 0.01348 0.005821
55 0.887663 0.505821 0.013889 0.028799
55 0.401552 0.622855 0.009804 0.01777
5 0.534518 0.621936 0.059232 0.135417
7 0.541462 0.681985 0.026552 0.015931
