20 0.460152 0.586186 0.186177 0.230903
27 0.597884 0.460193 0.155423 0.124256
58 0.514716 0.867436 0.046627 0.023065
9 0.855655 0.845362 0.008929 0.016617
9 0.834325 0.81188 0.011905 0.007688
9 0.853671 0.6937 0.010913 0.005952
9 0.733466 0.759053 0.011243 0.009177
9 0.476025 0.74256 0.012235 0.012897
9 0.534722 0.81808 0.017857 0.012153
9 0.520999 0.841146 0.015542 0.007688
9 0.752811 0.991939 0.012897 0.012153
9 0.834987 0.611855 0.012566 0.008433
9 0.087302 0.902654 0.009921 0.011657
9 0.881614 0.791171 0.006614 0.00744
9 0.719907 0.777034 0.010582 0.006944
9 0.949735 0.794147 0.011905 0.00744
9 0.914021 0.797991 0.006614 0.006696
