39 0.957167 0.167625 0.032333 0.01375
39 0.9325 0.18475 0.061 0.021
39 0.856333 0.21825 0.040667 0.0295
36 0.8235 0.241375 0.068333 0.06025
39 0.671333 0.391875 0.05 0.03375
39 0.650167 0.46225 0.065667 0.0655
39 0.6035 0.434625 0.111667 0.05525
39 0.6655 0.43875 0.074333 0.0345
39 0.4725 0.47475 0.096333 0.0675
39 0.447 0.401 0.087333 0.0455
36 0.4395 0.360625 0.069667 0.06075
36 0.336 0.403125 0.155333 0.10375
36 0.234167 0.618375 0.123 0.08725
36 0.235333 0.55825 0.082667 0.0495
36 0.3115 0.672875 0.075 0.07025
36 0.529333 0.69925 0.136 0.0915
36 0.526167 0.602 0.189667 0.16
36 0.5615 0.498 0.047 0.0625
36 0.631667 0.53425 0.058 0.052
58 0.527 0.4555 0.044667 0.0355
42 0.4 0.6835 0.118667 0.092
42 0.399167 0.654375 0.109 0.05575
39 0.540833 0.784375 0.119667 0.06025
39 0.4365 0.61525 0.073 0.067
39 0.484167 0.60475 0.081 0.077
39 0.3555 0.593875 0.115667 0.06075
39 0.177833 0.69925 0.065 0.0575
36 0.2505 0.783625 0.069 0.03675
39 0.288333 0.806625 0.065333 0.06125
39 0.428167 0.75125 0.155667 0.099
4 0.193 0.514375 0.059333 0.07075
39 0.268333 0.479 0.083333 0.0295
39 0.254833 0.326875 0.048333 0.02225
39 0.173333 0.92225 0.038 0.0295
39 0.5185 0.622625 0.043 0.04675
39 0.364833 0.532 0.029667 0.0225
39 0.327333 0.563375 0.026667 0.02775
39 0.2965 0.59425 0.028333 0.0275
